1465408275	406.905
1465408291	406.311
1465408563	406.56
1465408724	406.804
1465408740	406.369
1465409015	406.753
1465409173	406.837
1465409340	406.72
1465409612	406.924
1465409774	406.832
1465409789	406.762
1465410065	406.594
1465410223	406.66
1465410242	406.423
1465410514	406.392
1465410672	406.502
1465410694	406.318
1465410963	406.293
1465411124	406.585
1465411279	405.771
1465411563	406.336
1465411722	406.301
1465411734	406.005
1465412013	406.299
1465412174	406.546
1465412183	406.063
1465412465	405.941
1465412623	406.044
1465412635	406.097
1465412914	405.889
1465413072	406.211
1465413230	405.913
1465413515	406.04
1465413673	406.467
1465413679	405.714
1465413964	405.956
1465414122	406.431
1465414131	405.811
1465414413	406.083
1465414574	406.104
1465414580	405.798
1465414865	405.939
1465415023	406.324
1465415950	373.179
1465415950	402.91
1465416215	403.119
1465416373	403.732
1465416392	403.425
1465416664	403.867
1465416822	403.538
1465416841	403.489
1465417113	404.085
1465417274	403.963
1465417290	403.748
1465417562	403.57
1465417724	403.26
1465417882	403.032
1465418163	403.728
1465418324	403.875
1465418331	403.905
1465418612	404.553
1465418773	404.715
1465418783	404.319
1465419064	404.554
1465419222	405.165
1465419232	404.937
1465419513	405.618
1465419675	406.387
1465419830	405.476
1465420114	405.895
1465420272	406.97
1465420279	406.136
1465420563	406.25
1465420724	406.412
1465420734	405.517
1465421012	406.445
1465421174	406.608
1465421180	406.082
1465421464	406.396
1465421623	406.309
1465421778	405.016
1465422062	405.827
1465422223	406.232
1465422230	405.643
1465422514	405.508
1465422672	405.853
1465422679	405.546
1465422963	405.647
1465423125	405.765
1465423128	404.986
1465423412	405.005
1465423574	405.759
1465423725	405.717
1465424013	406.145
1465424174	406.267
1465424181	405.713
1465424462	406.157
1465424624	406.449
1465424630	406.053
1465424914	406.218
1465425073	406.313
1465425079	405.782
1465425364	406.061
1465425522	406.308
1465425680	405.712
1465425964	405.992
1465426122	405.797
1465426129	405.412
1465426866	405.332
1465427024	405.245
1465427049	404.038
1465427315	403.92
1465427473	404.879
1465427640	404.853
1465427912	404.892
1465428074	404.718
1465428093	404.326
1465428364	403.346
1465428523	403.353
1465428538	403.45
1465428814	403.881
1465428975	403.5
1465428991	402.915
1465429263	402.636
1465429424	403.626
1465430363	404.338
1465430613	404.786
1465430774	404.751
1465430803	405.39
1465431065	405.436
1465431223	404.973
1465431248	405.478
1465431514	405.425
1465431672	405.367
1465431694	405.124
1465431963	404.611
1465432124	405.378
1465432286	404.331
1465432564	404.769
1465432722	405.326
1465432738	404.552
1465433013	405.113
1465433174	406.938
1465433187	404.289
1465433465	403.932
1465433623	405.529
1465433639	405.946
1465433914	406.329
1465434072	406.957
1465434237	405.787
1465434515	406.375
1465434673	406.606
1465434686	406.6
1465434964	406.225
1465435122	406.245
1465435138	406.143
1465435413	407.625
1465435574	407.958
1465435590	407.508
1465435862	409.038
1465436023	406.89
1465436185	406.806
1465436463	406.602
1465436624	407.146
1465436637	406.587
1465436912	406.679
1465437073	406.523
1465437086	405.965
1465437364	406.701
1465437522	406.422
1465437535	405.53
1465437813	405.847
1465437975	405.967
1465438133	405.954
1465438414	406.651
1465438572	406.496
1465438585	405.673
1465438863	406.046
1465439024	406.321
1465439037	406.185
1465439312	405.917
1465439473	406.638
1465439486	406.14
1465439764	406.448
1465439922	406.767
1465440084	406.248
1465440362	406.66
1465440523	407.624
1465440536	407.151
1465440814	407.362
1465440972	409.456
1465440985	406.948
1465441263	407.24
1465441425	407.184
1465441434	406.417
1465441712	407.552
1465441874	408.299
1465442035	406.667
1465442313	406.675
1465442474	406.75
1465442487	406.664
1465442762	407.029
1465442923	407.583
1465442936	406.307
1465443214	407.011
1465443372	406.819
1465443382	406.395
1465443663	406.58
1465443825	406.635
1465444748	373.203
1465444761	406.404
1465445014	406.845
1465445175	406.953
1465445207	406.449
1465445463	406.566
1465445624	407.168
1465445656	406.345
1465445915	406.707
1465446073	406.953
1465446105	406.284
1465446364	406.434
1465446522	406.263
1465446702	405.252
1465446965	405.84
1465447123	405.73
1465447151	405.41
1465447414	405.069
1465447572	405.493
1465447600	405.259
1465447863	405.571
1465448024	406.011
1465448053	405.225
1465448315	405.727
1465448473	405.58
1465448650	405.363
1465448913	405.645
1465449074	406.084
1465449099	405.228
1465449365	405.854
1465449523	406.164
1465449551	405.443
1465449814	406.057
1465449972	406.019
1465449997	405.437
1465450263	405.976
1465450424	406.049
1465450595	405.605
1465450864	406.056
1465451022	406.541
1465451047	405.99
1465451313	406.307
1465451474	406.344
1465451496	406.036
1465451765	406.108
1465451923	406.619
1465451945	405.814
1465452214	406.249
1465452372	406.431
1465452540	405.798
1465452815	406.586
1465452973	406.34
1465452995	406.099
1465453264	406.709
1465453422	406.315
1465453447	405.868
1465453713	406.33
1465453874	406.565
1465453896	406.007
1465454165	406.221
1465454323	406.99
1465454494	406.238
1465454763	406.652
1465454924	406.751
1465454943	406.332
1465455215	406.734
1465455373	406.812
1465455392	406.119
1465455664	406.068
1465455822	406.854
1465455841	406.224
1465456113	407.106
1465456274	407.361
1465456442	406.409
1465456714	406.768
1465456872	406.628
1465456894	405.296
1465457163	406.427
1465457324	406.955
1465457343	406.061
1465457615	406.703
1465457773	406.471
1465457789	405.772
1465458064	406.379
1465458222	406.236
1465459171	405.419
1465459415	406.137
1465459573	406.069
1465459607	406.025
1465459864	405.866
1465460025	405.944
1465460056	405.677
1465460313	405.957
1465460474	406.241
1465460505	405.677
1465460765	406.009
1465460923	406.326
1465461097	405.922
1465461362	406.373
1465461524	406.48
1465461549	406.123
1465461815	406.225
1465461973	406.097
1465461998	405.847
1465462264	406.138
1465462422	406.254
1465462444	405.537
1465462713	405.906
1465462874	406.375
1465463048	405.84
1465463314	405.905
1465463475	406.279
1465463503	405.852
1465463763	406.448
1465463924	406.121
1465463940	405.743
1465464215	406.092
1465464373	406.131
1465464392	405.92
1465464664	406.225
1465464822	406.556
1465464996	405.997
1465465265	406.122
1465465423	406.385
1465465448	405.841
1465465714	406.221
1465465872	406.694
1465465894	406.158
1465466163	406.444
1465466324	406.766
1465466343	406.116
1465466615	406.505
1465466773	406.58
1465466944	406.353
1465467213	406.657
1465467374	406.732
1465467393	406.217
1465467665	406.616
1465467823	406.803
1465467842	406.19
1465468114	406.624
1465468272	406.686
1465468294	406.425
1465468563	406.576
1465468724	406.849
1465468895	406.29
1465469164	406.564
1465469322	406.702
1465469341	406.312
1465469613	406.58
1465469774	406.825
1465469793	406.427
1465470065	406.497
1465470223	406.645
1465470245	406.17
1465470514	406.333
1465470672	406.69
1465470840	406.178
1465471115	406.54
1465471273	406.627
1465471292	406.103
1465471564	406.502
1465471722	406.617
1465471744	406.208
1465472013	406.602
1465472174	407.022
1465472190	406.301
1465472465	406.647
1465472623	406.61
1465473550	373.011
1465473566	406.122
1465473815	406.183
1465473973	406.199
1465474011	405.923
1465474264	406.137
1465474422	406.696
1465474457	405.907
1465474713	405.982
1465474875	406.089
1465474906	405.827
1465475162	406.046
1465475324	406.159
1465475498	405.803
1465475763	406.194
1465475925	405.942
1465475950	405.821
1465476212	405.773
1465476374	405.805
1465476399	405.734
1465476665	405.849
1465476823	405.839
1465476848	405.748
1465477114	405.771
1465477275	405.909
1465477446	405.579
1465477714	405.681
1465477872	405.652
1465477898	405.435
1465478163	405.314
1465478325	405.632
1465478350	405.86
1465478612	405.729
1465478774	405.646
1465478799	405.495
1465479065	405.634
1465479223	405.631
1465479397	405.309
1465479662	405.468
1465479824	405.385
1465479849	405.292
1465480115	405.305
1465480273	405.319
1465480298	405.21
1465480564	405.219
1465480725	405.02
1465480747	405.077
1465481013	404.799
1465481174	404.68
1465481345	404.678
1465481613	404.394
1465481775	404.947
1465481794	404.578
1465482062	404.901
1465482224	404.395
1465482246	404.721
1465482515	404.543
1465482673	404.799
1465482698	404.766
1465482964	404.791
1465483122	404.849
1465483296	404.989
1465483565	405.16
1465483723	404.592
1465483748	404.593
1465484014	404.635
1465484175	404.35
1465484197	404.254
1465484463	404.38
1465484624	404.076
1465484646	404.036
1465484915	403.983
1465485073	403.935
1465485244	403.893
1465485512	403.735
1465485674	403.752
1465485696	403.954
1465485965	403.779
1465486123	403.873
1465486148	403.88
1465486414	403.922
1465486575	403.809
1465486600	403.884
1465486863	403.937
1465487024	403.832
1465487963	403.823
1465488213	403.89
1465488374	404
1465488406	403.837
1465488665	404.034
1465488823	403.939
1465488855	404.343
1465489114	404.086
1465489272	404.166
1465489304	404.428
1465489563	404.372
1465489725	404.2
1465489892	404.26
1465490164	404.16
1465490322	404.253
1465490341	404.102
1465490759	404.126
1465491062	404.135
1465491223	404.171
1465491252	404.205
1465491514	404.34
1465491673	404.01
1465491837	404.09
1465492112	404.219
1465492273	404.162
1465492292	404.187
1465492564	404.379
1465492722	404.313
1465492745	404.186
1465493013	403.856
1465493175	404.002
1465493190	403.882
1465493462	404.244
1465493624	403.964
1465493791	404.142
1465494063	404.149
1465494224	404.068
1465494240	403.988
1465494512	404.53
1465494673	404.222
1465494692	404.195
1465494964	404.287
1465495123	404.419
1465495145	404.246
1465495413	404.395
1465495575	404.229
1465495742	403.986
1465496014	404.266
1465496172	404.242
1465496191	404.162
1465496463	404.292
1465496625	404.205
1465496644	404.056
1465496912	404.316
1465497074	404.339
1465497093	404.027
1465497365	404.086
1465497523	404.131
1465497690	403.816
1465497962	404.192
1465498123	404.072
1465498142	403.793
1465498414	404.045
1465498573	404.217
1465498591	404.129
1465498863	404.051
1465499025	404.358
1465499044	404.222
1465499312	404.479
1465499474	404.336
1465499635	403.962
1465499913	404.103
1465500075	404.349
1465500084	403.976
1465500362	404.138
1465500524	404.178
1465500533	404.021
1465500815	403.981
1465500973	404.348
1465500988	404.057
1465501264	404.136
1465501422	404.234
1465502348	373.226
1465502355	404.132
1465502614	404.357
1465502772	404.49
1465502797	403.98
1465503063	404.019
1465503224	404.201
1465503246	404
1465503515	404.261
1465503673	404.211
1465503695	404.179
1465503964	404.11
1465504122	404.046
1465504284	403.666
1465504565	404.267
1465504723	404.273
1465504733	404.072
1465505014	404.024
1465505172	403.942
1465505185	403.869
1465505463	404.098
1465505624	404.203
1465505637	404.025
1465505912	404.288
1465506073	404.357
1465506231	403.847
1465506513	404.154
1465506674	404.342
1465506684	404.003
1465506962	404.177
1465507123	404.415
1465507136	403.928
1465507414	404.144
1465507572	404.428
1465507585	404.21
1465507863	404.305
1465508024	404.5
1465508173	404.252
1465508464	404.633
1465508622	405.001
1465508625	404.063
1465508913	404.428
1465509074	404.564
1465509074	404.294
1465509362	404.342
1465509523	404.378
1465509527	404.121
1465509814	404.378
1465509972	404.766
1465510121	404.602
1465510412	404.329
1465510570	404.431
1465510573	404.609
1465510864	404.85
1465516752	402.931
1465517015	402.871
1465517173	403.608
1465517189	403.062
1465517464	403.785
1465517622	403.813
1465517641	403.26
1465517913	402.862
1465518074	403.044
1465518087	402.585
1465518365	402.491
1465518523	402.15
1465518669	402.887
1465518963	402.851
1465519121	402.999
1465519124	403.14
1465519412	403.526
1465519573	404.553
1465519573	404.249
1465519864	404.077
1465520019	403.895
1465520022	404.57
1465520313	404.654
1465520474	404.678
1465520613	404.533
1465520914	405.051
1465521066	405.476
1465521072	405.712
1465521363	405.959
1465521518	405.944
1465521524	406.196
1465521812	406.204
1465521964	406.117
1465521973	406.078
1465522264	406.442
1465522422	406.571
1465522561	406.262
1465522862	406.604
1465523013	406.626
1465523023	407.326
1465523314	407.021
1465523466	406.937
1465523472	406.908
1465523763	407.298
1465523912	406.674
1465523924	407.56
1465524212	407.083
1465524373	407.435
1465524512	406.946
1465524813	407.826
1465524965	407.536
1465524974	408.456
1465525262	407.842
1465525414	407.654
1465525423	408.759
1465525714	408.222
1465525863	407.699
1465525872	408.78
1465526163	408.102
1465526321	408.325
1465526463	407.151
1465526764	407.767
1465526913	407.028
1465526922	408.259
1465527213	407.704
1465527362	407.266
1465527374	407.819
1465527662	407.665
1465527811	407.427
1465527823	408.467
1465528114	408.128
1465528272	408.497
1465528411	407.07
1465528712	408.255
1465528860	407.989
1465528873	408.821
1465529164	408.244
1465529306	407.719
1465529322	408.814
1465529613	408.007
1465529762	408.156
1465529771	409.219
1465530062	408.464
1465530223	409.002
1465531144	407.917
1465531150	373.205
1465531412	408.375
1465531574	408.839
1465531586	407.966
1465531865	408.664
1465532023	408.19
1465532035	408.122
1465532314	408.357
1465532472	409.634
1465532484	407.306
1465532763	408.75
1465532924	410.508
1465533082	407.49
1465533363	409.078
1465533522	410.166
1465533528	407.714
1465533813	408.044
1465533974	409.905
1465533980	407.011
1465534265	408.89
1465534423	409.957
1465534429	407.697
1465534714	408.546
1465534872	409.48
1465535027	408.476
1465535315	408.423
1465535473	409.786
1465535476	408.279
1465535764	408.648
1465535922	408.971
1465535925	407.895
1465536213	408.728
1465536374	408.913
1465536374	407.425
1465536662	407.806
1465536823	408.477
1465536975	406.949
1465537263	407.604
1465537424	407.561
1465537424	406.699
1465537715	407.636
1465537873	408.738
1465537876	407
1465538164	408.064
1465538322	408.889
1465538325	407.201
1465538613	408.179
1465538774	408.855
1465538923	407.076
1465539214	407.906
1465539372	408.756
1465539375	407.005
1465539663	408.022
1465539824	409.166
1465539824	407.115
1465540112	407.201
1465540270	407.154
1465540273	408.919
1465540564	407.731
1465540722	408.529
1465540871	407.791
1465541162	408.147
1465541323	409.511
1465541323	406.768
1465541614	407.599
1465541772	408.61
1465541775	406.951
1465542063	408.201
1465542224	409.902
1465542224	406.964
1465542512	408.821
1465542673	409.079
1465542828	408.22
1465543113	408.583
1465543274	409.622
1465543274	407.524
1465543562	407.625
1465543723	410.276
1465543726	406.552
1465544014	407.95
1465544169	407.96
1465544172	410.084
1465544463	408.113
1465544624	409.199
1465545563	407.565
1465545813	408.244
1465545974	409.555
1465546003	407.246
1465546265	407.228
1465546424	408.783
1465546452	407.113
1465546714	407.771
1465546873	409.146
1465546898	407.362
1465547164	407.982
1465547325	409.123
1465547489	407.386
1465547764	407.177
1465547922	408.983
1465547941	407.301
1465548213	408.364
1465548375	408.754
1465548390	407.115
1465548662	407.873
1465548824	408.183
1465548843	407.48
1465549115	408.307
1465549273	408.889
1465549434	407.506
1465549712	408.174
1465549874	408.307
1465549889	407.976
1465550164	408.318
1465550323	409.225
1465550338	407.728
1465550614	407.547
1465550772	407.827
1465550787	407.682
1465551063	408.224
1465551224	408.963
1465551385	406.972
1465551663	407.364
1465551825	408.53
1465551840	407.524
1465552112	409.244
1465552274	408.367
1465552286	407.867
1465552565	408.743
1465552723	409.255
1465552735	407.325
1465553014	407.502
1465553172	408.744
1465553336	407.497
1465553614	408.503
1465553773	413.446
1465553785	408.298
1465554064	408.394
1465554222	410.475
1465554237	407.921
1465554513	407.713
1465554674	408.129
1465554686	407.947
1465554965	408.971
1465555123	408.119
1465555284	407.989
1465555562	408.503
1465555724	408.657
1465555736	407.805
1465556015	408.219
1465556173	408.032
1465556182	408.163
1465556464	408.637
1465556622	409.234
1465556634	407.558
1465556913	408.081
1465557074	408.247
1465557232	407.594
1465557514	408.323
1465557672	408.117
1465557684	408.299
1465557963	408.39
1465558124	408.526
1465558136	407.873
1465558415	408.355
1465558573	408.369
1465558582	407.657
1465558864	407.748
1465559022	408.472
1465559948	372.939
1465559958	407.191
1465560214	407.506
1465560372	408.13
1465560401	407.484
1465560663	407.747
1465560824	407.924
1465560847	407.196
1465561115	407.613
1465561273	407.389
1465561296	407.21
1465561564	407.379
1465561722	407.214
1465561890	407.132
1465562162	407.418
1465562323	407.319
1465562339	407.092
1465562614	407.319
1465562772	407.174
1465562788	406.692
1465563063	407.055
1465563225	407.261
1465563240	407.13
1465563512	407.454
1465563674	407.288
1465563838	407.123
1465564113	407.363
1465564274	407.237
1465564287	406.87
1465564562	407.289
1465564723	407.356
1465564739	407.411
1465565014	407.062
1465565172	406.91
1465565185	407.366
1465565463	407.75
1465565625	407.219
1465565786	406.797
1465566064	407.575
1465566222	407.522
1465566235	407.072
1465566513	407.574
1465566675	407.278
1465566684	407.422
1465566962	407.084
1465567124	407.558
1465567136	407.346
1465567414	407.838
1465567573	407.876
1465567734	407.882
1465568012	407.556
1465568173	407.587
1465568183	407.176
1465568464	407.234
1465568622	406.97
1465568638	406.915
1465568913	407.208
1465569075	406.692
1465569087	407.311
1465569362	407.202
1465569524	406.976
1465569685	406.904
1465569963	406.745
1465570125	406.926
1465570134	406.325
1465570412	406.8
1465570574	406.784
1465570589	406.753
1465570864	406.934
1465571023	406.672
1465571035	406.841
1465571314	406.543
1465571475	406.607
1465571630	406.802
1465571914	406.56
1465572072	406.669
1465572085	407.002
1465572363	406.699
1465572525	406.561
1465572537	406.687
1465572812	406.667
1465572974	406.666
1465572986	406.259
1465573265	406.477
1465573423	406.363
1465603129	407.17
1465603413	407.012
1465603562	406.96
1465603572	407.213
1465603862	407.077
1465604011	406.5
1465604024	406.753
1465604312	407.216
1465604460	406.701
1465604473	407.266
1465604764	407.377
1465604922	406.692
1465605051	406.957
1465605361	407.268
1465605504	406.938
1465605523	407.101
1465605814	407.435
1465605953	406.879
1465605972	407.315
1465606263	407.372
1465606399	407.016
1465606424	407.365
1465606712	407.305
1465606873	407.497
1465606993	406.867
1465607312	407.424
1465607448	406.984
1465607474	407.299
1465607762	407.34
1465607897	406.75
1465607923	407.45
1465608214	407.2
1465608350	406.341
1465608372	407.237
1465608663	406.864
1465608824	407.326
1465608951	406.871
1465609264	407.213
1465609396	406.44
1465609422	407.426
1465609713	406.985
1465609849	406.395
1465609874	407.577
1465610162	407.038
1465610298	406.436
1465610323	407.173
1465610614	406.915
1465610772	407.306
1465610898	406.424
1465611212	407.242
1465611347	406.7
1465611373	407.245
1465611664	407.201
1465611797	406.851
1465611822	407.007
1465612113	406.863
1465612246	406.387
1465612271	407.089
1465612562	406.772
1465612723	407.606
1465612843	406.685
1465613163	407.489
1465613292	406.731
1465613324	407.784
1465613612	407.011
1465613751	407.902
1465613773	407.745
1465614064	407.179
1465614200	406.07
1465614222	407.549
1465614513	406.666
1465614671	407.375
1465614791	406.03
1465615114	406.487
1465615250	406.232
1465615272	406.879
1465615563	406.501
1465615696	406.01
1465615721	407.006
1465616012	406.859
1465616148	406.359
1465616173	406.952
1465616464	406.084
1465616622	406.535
1465617520	406.868
1465617549	373.117
1465617814	407.036
1465617969	406.328
1465617972	407.486
1465618263	406.485
1465618418	406.096
1465618421	407.002
1465618712	406.461
1465618864	405.779
1465618874	407.275
1465619161	406.057
1465619323	409.16
1465619465	406.669
1465619762	407.799
1465619911	406.345
1465619923	408.886
1465620214	407.595
1465620363	406.692
1465620373	409.411
1465620663	407.309
1465620809	406.547
1465620822	409.001
1465621112	407.838
1465621274	409.516
1465621410	406.772
1465621713	407.418
1465621862	406.396
1465621871	409.525
1465622162	407.164
1465622314	406.513
1465622324	410.018
1465622611	407.524
1465622763	406.818
1465622773	409.403
1465623064	407.479
1465623222	409.718
1465623355	406.601
1465623661	408.128
1465623810	407.367
1465623823	409.539
1465624113	407.614
1465624262	407.004
1465624272	408.453
1465624562	407.965
1465624711	406.901
1465624724	408.744
1465625012	407.961
1465625173	408.529
1465625306	406.932
1465625612	407.768
1465625755	407.135
1465625774	408.711
1465626061	407.897
1465626210	406.923
1465626223	408.102
1465626514	407.707
1465626659	406.882
1465626672	408.272
1465626963	407.422
1465627124	407.934
1465627260	406.101
1465627563	407.142
1465627706	406.544
1465627722	407.996
1465628012	407.833
1465628155	406.144
1465628174	407.972
1465628462	407.33
1465628604	406.402
1465628623	407.791
1465628914	407.244
1465629072	408.738
1465629211	406.049
1465629511	407.262
1465629657	405.547
1465629673	408.983
1465629964	406.915
1465630106	405.797
1465630122	409.942
1465630413	406.525
1465630558	405.556
1465630574	410.786
1465630862	406.038
1465631023	411.293
1465631946	405.471
1465632215	405.849
1465632373	414.035
1465632389	405.386
1465632664	408.877
1465632822	411.436
1465632832	405.966
1465633113	407.468
1465633274	408.573
1465633284	407.08
1465633562	407.83
1465633723	408.832
1465633878	406.835
1465634163	407.996
1465634324	408.288
1465634331	407.633
1465634612	408.833
1465634773	409.825
1465634780	408.065
1465635064	408.733
1465635222	409.344
1465635229	407.551
1465635513	408.139
1465635675	409.158
1465635826	407.597
1465636114	408.396
1465636272	409.664
1465636279	406.618
1465636563	407.859
1465636724	408.138
1465636731	407.185
1465637012	408.961
1465637173	411.629
1465637180	406.622
1465637464	406.971
1465637623	414.062
1465637781	406.562
1465638062	407.858
1465638223	409.203
1465638233	406.355
1465638514	407.932
1465638672	408.302
1465638679	406.77
1465638963	408.87
1465639121	410.651
1465639128	406.793
1465639412	407.906
1465639574	410.306
1465639729	407.36
1465640013	408.587
1465640174	410.327
1465640181	407.264
1465640462	408.557
1465640624	410.101
1465640630	406.954
1465640914	408.647
1465641073	409.938
1465641079	407.387
1465641363	407.441
1465641522	408.663
1465641680	406.872
1465641964	408.223
1465642122	410.336
1465642126	406.486
1465642413	408.017
1465642571	411.894
1465642578	406.614
1465642862	406.893
1465643024	407.895
1465643030	406.379
1465643315	406.847
1465643473	409.916
1465643628	406.652
1465643912	407.649
1465644074	409.301
1465644077	406.623
1465644364	407.197
1465644523	408.167
1465644529	406.491
1465644813	407.369
1465644972	408.412
1465644981	406.397
1465645263	406.995
1465645424	408.674
1465646350	373.059
1465646357	406.236
1465646613	406.644
1465646774	406.675
1465646799	406.192
1465647065	406.242
1465647223	406.162
1465647252	406.124
1465647514	406.251
1465647672	406.118
1465647701	405.921
1465647963	405.958
1465648124	405.423
1465648292	405.49
1465648564	405.296
1465648722	404.451
1465648741	405.479
1465649013	404.636
1465649174	404.253
1465649196	405.346
1465649462	405.026
1465649623	404.109
1465649642	404.812
1465649914	405
1465650072	404.618
1465650240	404.871
1465650515	404.178
1465650673	403.709
1465650692	404.226
1465650964	404.152
1465651122	404.614
1465651135	403.677
1465651413	404.518
1465651574	404.841
1465651590	404.412
1465651862	403.994
1465652023	404.7
1465652185	404.841
1465652463	404.728
1465652624	404.354
1465652637	404.518
1465652912	404.782
1465653073	404.584
1465653086	404.542
1465653364	404.389
1465653522	405.179
1465653535	404.82
1465653813	404.365
1465653974	404.427
1465654136	404.223
1465654414	404.441
1465654572	404.847
1465654585	404.423
1465654863	404.648
1465655024	403.624
1465655031	404.176
1465655312	404.252
1465655473	404.795
1465655486	404.659
1465655764	404.919
1465655922	404.317
1465656084	404.853
1465656362	405.027
1465656523	404.388
1465656533	404.524
1465656814	404.121
1465656972	403.914
1465656982	403.989
1465657263	402.694
1465657424	402.735
1465657437	402.862
1465657712	402.892
1465657874	402.755
1465658035	402.244
1465658313	402.543
1465658474	402.202
1465658487	402.577
1465658762	402.72
1465658923	402.976
1465658942	402.849
1465659214	402.99
1465659372	403.181
1465659388	403.591
1465659663	403.578
1465659825	403.382
1465660754	403.756
1465661014	404.074
1465661175	404.309
1465661197	403.98
1465661463	404.145
1465661624	404.329
1465661646	404.403
1465661915	404.796
1465662073	404.641
1465662098	404.635
1465662364	405.136
1465662522	405.852
1465662680	405.085
1465662965	405.77
1465663123	405.177
1465663132	405.638
1465663414	405.621
1465663572	404.593
1465663585	405.567
1465663863	405.641
1465664024	406.171
1465664034	405.855
1465664315	405.764
1465664473	406.167
1465664625	405.747
1465664913	405.94
1465665074	405.914
1465665080	405.575
1465665365	406.267
1465665523	406.329
1465665529	405.509
1465665814	405.443
1465665972	405.458
1465665982	405.312
1465666263	405.148
1465666424	404.949
1465666576	405.69
1465666864	406.16
1465667022	405.884
1465667035	404.925
1465667313	405.273
1465667474	405.25
1465667480	405.154
1465667762	405.508
1465667923	405.869
1465667933	405.992
1465668214	406.381
1465668372	407.713
1465668527	406.012
1465668815	406.701
1465668973	405.775
1465668979	405.941
1465669264	405.981
1465669422	407.106
1465669428	405.907
1465669713	406.283
1465669874	406.443
1465669881	405.615
1465670162	405.246
1465670323	405.476
1465670472	406.538
1465670763	406.718
1465670921	407.279
1465670924	407.02
1465671212	407.641
1465671373	407.717
1465671376	407.177
1465671664	407.452
1465671822	407.96
1465671822	406.931
1465672113	406.708
1465672274	406.511
1465672420	406.437
1465672714	406.779
1465672872	406.081
1465672872	405.941
1465673163	405.445
1465673321	405.966
1465673324	405.674
1465673612	405.799
1465673773	405.461
1465673773	406.141
1465674064	406.792
1465674222	407.843
1465675149	373.153
1465675149	405.817
1465675414	405.539
1465675573	405.586
1465675588	405.902
1465675864	405.038
1465676025	405.596
1465676037	405.411
1465676313	405.363
1465676474	405.546
1465676486	405.444
1465676765	405.05
1465676923	405.098
1465677081	405.201
1465677362	406.023
1465677524	405.916
1465677530	405.506
1465677815	406.181
1465677973	406.588
1465677982	405.448
1465678264	406.152
1465678422	405.556
1465678431	405.642
1465678713	405.601
1465678874	405.756
1465679029	404.896
1465679314	405.445
1465679472	405.422
1465679481	404.487
1465679763	404.812
1465679924	404.956
1465679933	404.575
1465680215	404.307
1465680373	404.481
1465680382	404.817
1465680664	405.127
1465680822	405.15
1465680977	404.284
1465681265	404.317
1465681423	404.784
1465681429	404.072
1465681714	404.862
1465681872	404.763
1465681878	404.274
1465682163	405.535
1465682324	405.458
1465682330	405.342
1465682615	405.57
1465682773	404.803
1465682925	405.224
1465683213	405.38
1465683374	405.498
1465683377	405.236
1465683665	405.45
1465683823	405.621
1465683829	405.132
1465684114	404.979
1465684272	404.946
1465684281	404.802
1465684563	404.851
1465684724	404.889
1465684876	404.581
1465685164	404.712
1465685322	404.423
1465685325	403.858
1465685613	404.81
1465685774	403.919
1465685777	403.617
1465686062	403.568
1465686223	404.443
1465686223	403.894
1465686514	404.448
1465686672	404.985
1465686824	404.555
1465687115	405.088
1465687273	405.93
1465687276	404.479
1465687564	404.956
1465687722	404.519
1465687725	404.466
1465688013	404.267
1465688174	404.131
1465688177	403.871
1465688462	403.996
1465688623	403.908
1465689550	404.799
1465689815	404.935
1465689973	405.098
1465689989	404.885
1465690264	404.85
1465690422	404.989
1465690438	404.746
1465690713	404.876
1465690875	404.985
1465690887	404.645
1465691162	404.741
1465691324	404.915
1465691479	404.608
1465691763	404.944
1465691925	405.165
1465691931	404.919
1465692212	405.03
1465692374	405.153
1465692377	404.875
1465692664	405.223
1465692823	405.41
1465692826	404.869
1465693114	405.41
1465693272	405.78
1465693427	405.246
1465693714	405.682
1465693872	406.223
1465693876	405.607
1465694163	405.679
1465694322	405.731
1465694328	405.368
1465694612	405.866
1465694774	406.204
1465694777	405.061
1465695065	405.642
1465695223	405.452
1465695375	404.949
1465695662	405.557
1465695820	405.127
1465695824	405.894
1465696114	405.553
1465696273	406.345
1465696273	405.77
1465696564	405.95
1465696718	406.242
1465696722	406.326
1465697013	406.162
1465697174	406.424
1465697319	405.39
1465697613	405.839
1465697772	407.206
1465697772	406.064
1465698062	407.917
1465698221	406.513
1465698224	408.129
1465698515	407.578
1465698670	406.169
1465698673	407.587
1465698964	407.444
1465699122	407.108
1465699270	406.14
1465699564	407.094
1465699719	405.952
1465699723	406.884
1465700014	407.044
1465700165	405.701
1465700172	406.568
1465700463	406.268
1465700624	406.665
1465700624	405.487
1465700912	406.236
1465701073	406.78
1465701218	405.841
1465701512	407.086
1465701674	407.75
1465701674	406.152
1465701965	407.202
1465702120	406.625
1465702123	407.374
1465702414	407.016
1465702569	406.282
1465702572	406.904
1465702863	406.679
1465703024	406.612
1465703951	373.202
1465703951	406.392
1465704213	406.999
1465704374	407.295
1465704396	406.388
1465704665	406.79
1465704823	407.107
1465704842	406.339
1465705114	406.51
1465705272	406.939
1465705294	406.353
1465705563	406.882
1465705725	406.911
1465705889	406.494
1465706164	406.871
1465706322	406.821
1465706341	406.006
1465706613	406.847
1465706774	406.751
1465706787	406.344
1465707062	407.019
1465707223	407.322
1465707239	406.81
1465707514	407.38
1465707672	407.482
1465707837	406.802
1465708112	407.782
1465708273	408.225
1465708286	406.829
1465708564	406.912
1465708722	406.842
1465708738	406.147
1465709013	410.322
1465709175	408.095
1465709187	408.102
1465709462	407.432
1465709624	407.672
1465709785	407.283
1465710063	406.61
1465710224	406.933
1465710237	406.1
1465710512	408.127
1465710673	407.673
1465710686	407.156
1465710964	408.9
1465711122	408.99
1465711135	406.646
1465711413	408.557
1465711575	412.45
1465711736	408.463
1465712014	408.695
1465712172	409.787
1465712182	407.994
1465712463	408.065
1465712625	411.862
1465712628	407.088
1465712912	407.625
1465713074	410.626
1465713083	407.345
1465713365	408.474
1465713523	409.301
1465713684	407.129
1465713962	408.517
1465714123	408.65
1465714133	407.868
1465714414	408.356
1465714572	408.642
1465714582	407.821
1465714863	408.121
1465715025	408.951
1465715034	407.748
1465715312	408.05
1465715474	409.182
1465715632	407.718
1465715913	407.872
1465716075	408.574
1465716084	407.386
1465716362	407.61
1465716524	407.992
1465716536	407.331
1465716815	407.756
1465716973	407.805
1465716988	407.08
1465717264	407.197
1465717422	407.38
1465718355	406.835
1465718614	406.92
1465718772	407.387
1465718800	406.931
1465719063	407.26
1465719224	407.588
1465719246	407.036
1465719515	407.216
1465719673	407.63
1465719695	406.952
1465719964	407.037
1465720122	407.298
1465720287	406.724
1465720565	406.97
1465720723	407.193
1465720742	406.723
1465721014	407.016
1465721172	407.369
1465721185	406.787
1465721463	406.928
1465721624	407.21
1465721634	406.958
1465721912	407.016
1465722073	407.268
1465722228	406.931
1465722513	407.264
1465722674	407.392
1465722684	406.725
1465722965	407.173
1465723123	407.223
1465723136	406.538
1465723414	406.993
1465723572	407.281
1465723588	406.835
1465723863	407.172
1465724024	407.367
1465724186	406.773
1465724464	407.023
1465724622	406.995
1465724635	406.343
1465724913	406.777
1465725074	406.734
1465725084	406.142
1465725362	406.513
1465725523	406.731
1465725533	406.221
1465725814	406.645
1465725972	406.885
1465726130	406.629
1465726412	406.983
1465726573	407.054
1465726589	406.494
1465726864	407.014
1465727022	407.032
1465727032	406.561
1465727313	406.811
1465727474	407.238
1465727484	406.516
1465727762	406.985
1465727923	407.102
1465728082	406.756
1465728363	406.761
1465728524	406.98
1465728534	406.581
1465728812	406.806
1465728973	407.044
1465728983	406.624
1465729264	406.952
1465729422	407.093
1465729432	406.774
1465729713	407.214
1465729875	407.481
1465730033	406.647
1465730314	407.271
1465730472	407.231
1465730485	406.914
1465730763	406.947
1465730924	407.285
1465730934	406.829
1465731212	407.148
1465731373	407.229
1465731383	406.738
1465731664	406.955
1465731823	407.358
1465732749	372.991
1465732755	406.603
1465733015	406.959
1465733173	407.039
1465733201	406.718
1465733464	406.97
1465733625	406.988
1465733647	406.773
1465733913	406.933
1465734074	407.252
1465734096	407.014
1465734365	407.16
1465734523	406.994
1465734691	406.773
1465734963	406.965
1465735124	406.673
1465735140	406.696
1465735415	406.906
1465735573	407.009
1465735586	406.798
1465735864	406.817
1465736022	406.846
1465736041	406.887
1465736313	406.808
1465736474	406.752
1465736639	406.907
1465736914	407.107
1465737072	407.352
1465737088	407.115
1465737363	407.219
1465737524	407.006
1465737537	406.525
1465737815	406.406
1465737973	406.861
1465737986	406.873
1465738264	407.026
1465738422	406.615
1465738583	406.359
1465738865	406.183
1465739023	405.936
1465739032	406.294
1465739314	406.228
1465739472	404.397
1465739485	405.552
1465739763	405.881
1465739924	406.129
1465739937	405.6
1465740212	405.505
1465740373	405.927
1465740531	405.748
1465740813	404.65
1465740974	405.249
1465740984	404.823
1465741265	406.379
1465741423	404.811
1465741436	405.482
1465741714	405.396
1465741872	405.623
1465741882	405.726
1465742163	405.653
1465742324	406.292
1465742486	406.052
1465742764	405.982
1465742922	406.807
1465742935	405.421
1465743213	404
1465743374	404.26
1465743387	405.359
1465743662	402.009
1465743823	401.745
1465743836	402.188
1465744114	403.007
1465744272	404.681
1465744434	405.439
1465744712	405.9
1465744873	405.173
1465744879	404.563
1465745164	401.871
1465745322	402.004
1465745332	404.296
1465745613	405.153
1465745774	405.595
1465745787	405.372
1465746062	405.589
1465746223	405.159
1465747153	405.442
1465747416	405.349
1465747574	405.404
1465747593	405.292
1465747865	405.738
1465748023	405.413
1465748048	405.507
1465748314	405.523
1465748475	405.438
1465748491	405.128
1465748763	405.419
1465748924	405.225
1465749076	405.058
1465749363	405.311
1465749522	405.282
1465749528	405.015
1465749812	405.245
1465749974	404.979
1465749980	404.757
1465750265	404.797
1465750423	405.053
1465750432	404.952
1465750714	405.281
1465750872	404.852
1465751027	404.512
1465751315	405.137
1465751473	405.749
1465751479	405.594
1465751764	405.961
1465751922	406.141
1465751928	405.676
1465752213	405.99
1465752374	405.96
1465752383	405.441
1465752665	405.555
1465752823	405.117
1465752978	403.718
1465753262	403.182
1465753424	403.249
1465753433	403.235
1465753715	403.44
1465753873	401.835
1465753879	400.492
1465754164	400.574
1465754322	400.062
1465754331	400.543
1465754613	401.186
1465754774	401.72
1465754932	402.963
1465755214	402.028
1465755372	402.277
1465755384	403.324
1465755663	402.636
1465755824	402.822
1465755833	403.19
1465756115	402.132
1465756273	402.176
1465756282	402.329
1465756564	403.533
1465756722	403.477
1465756880	403.369
1465757165	403.632
1465757323	403.089
1465757332	402.835
1465757614	402.492
1465757772	401.528
1465757781	401.469
1465758063	402.674
1465758224	403.228
1465758234	402.547
1465758512	403.459
1465758673	403.111
1465758828	403.223
1465759113	402.797
1465759274	402.808
1465759277	403.54
1465759565	402.771
1465759723	403.523
1465759726	403.439
1465760014	403.483
1465760172	403.909
1465760178	404.34
1465760463	404.377
1465760624	404.448
1465761548	404.062
1465761551	373.06
1465761813	403.397
1465761974	402.568
1465761993	403.374
1465762262	403.07
1465762424	403.161
1465762442	403.183
1465762714	403.143
1465762873	403.13
1465762888	403.576
1465763163	403.695
1465763325	403.613
1465763480	403.815
1465763764	402.923
1465763922	404.276
1465763929	403.832
1465764213	404.298
1465764375	403.804
1465764381	403.937
1465764662	403.442
1465764824	403.492
1465764833	403.631
1465765115	403.669
1465765273	402.967
1465765428	402.87
1465765712	403.42
1465765874	403.931
1465765877	403.649
1465766164	403.452
1465766323	404.21
1465766329	403.919
1465766613	404.112
1465766772	403.707
1465766781	403.426
1465767063	404.272
1465767224	404.223
1465767369	403.525
1465767663	403.481
1465767821	403.87
1465767821	403.918
1465768112	402.943
1465768274	403.188
1465768274	403.061
1465768565	403.246
1465768723	403.55
1465768726	403.246
1465769014	403.664
1465769172	404.021
1465769320	403.643
1465769614	405.712
1465769769	405.827
1465769773	406.707
1465770063	406.284
1465770218	405.762
1465770222	406.372
1465770513	406.017
1465770674	406.712
1465770674	406.035
1465770965	406.189
1465771123	406.072
1465771275	405.289
1465771562	407.095
1465771724	406.876
1465771724	405.596
1465772015	406.235
1465772170	406.038
1465772173	407.29
1465772464	407.021
1465772622	406.795
1465772622	406.184
1465772913	406.783
1465773074	407.844
1465773219	407.311
1465773513	406.82
1465773672	407.171
1465773672	406.003
1465773963	407.418
1465774121	405.277
1465774124	406.629
1465774415	405.685
1465774570	405.38
1465774573	405.535
1465774864	405.802
1465775022	407.936
1465775948	406.01
1465776214	406.14
1465776372	405.797
1465776391	405.394
1465776663	405.694
1465776824	405.472
1465776840	405.118
1465777115	405.351
1465777273	405.355
1465777289	404.984
1465777564	404.898
1465777722	404.895
1465777881	403.758
1465778162	404.158
1465778323	404.226
1465778333	404.386
1465778614	404.934
1465778772	406.104
1465778782	404.821
1465779063	405.407
1465779224	406.916
1465779231	405.393
1465779512	405.764
1465779674	405.279
1465779828	404.298
1465780113	405.055
1465780274	405.533
1465780281	405.12
1465780562	405.44
1465780723	405.518
1465780730	405.143
1465781014	405.417
1465781172	406.158
1465781182	405.6
1465781463	405.758
1465781625	405.612
1465781780	405.159
1465782064	405.189
1465782222	405.264
1465782232	404.965
1465782513	405.637
1465782674	406.033
1465782681	404.959
1465782962	406.337
1465783124	405.649
1465783133	404.609
1465783414	405.264
1465783573	405.734
1465783728	404.871
1465784012	405.205
1465784173	407.749
1465784177	404.603
1465784464	405.113
1465784622	409.322
1465784629	404.747
1465784913	405.736
1465785075	413.951
1465785078	405.761
1465785362	406.753
1465785524	408.387
1465785679	406.101
1465785963	407.744
1465786124	410.251
1465786131	406.199
1465786412	406.542
1465786574	410.708
1465786580	405.243
1465786864	406.238
1465787023	409.944
1465787029	406.045
1465787313	406.425
1465787472	407.564
1465787627	407.055
1465787914	408.136
1465788072	407.075
1465788079	406.608
1465788363	407.271
1465788525	408.053
1465788531	408.091
1465788812	410.931
1465788974	412.811
1465788986	411.804
1465789265	412.008
1465789423	411.616
1465790349	373.201
1465790356	410.669
1465790615	409.963
1465790773	410.191
1465790798	408.41
1465791064	408.307
1465791222	410.057
1465791250	409.034
1465791513	407.667
1465791674	410.392
1465791696	409.995
1465791965	411.59
1465792123	410.854
1465792297	408.449
1465792563	408.791
1465792724	409.695
1465792746	408.132
1465793015	408.354
1465793173	408.588
1465793195	407.589
1465793464	408.203
1465793622	408.519
1465793644	407.664
1465793913	408.265
1465794074	408.517
1465794245	407.917
1465794514	409.205
1465794672	409.915
1465794697	408.007
1465794963	408.267
1465795124	408.804
1465795143	407.819
1465795415	408.677
1465795573	408.336
1465795592	408.209
1465795864	408.679
1465796022	409.86
1465796193	407.844
1465796465	407.628
1465796623	408.676
1465796645	407.068
1465796914	407.746
1465797072	408.825
1465797097	406.949
1465797363	407.185
1465797524	408.433
1465797540	406.668
1465797815	407.082
1465797973	407.554
1465798135	406.627
1465798413	407.061
1465798574	407.699
1465798587	406.585
1465798865	406.871
1465799023	407.503
1465799036	406.865
1465799314	407.859
1465799472	407.533
1465799491	406.509
1465799763	407.391
1465799925	407.197
1465800086	406.462
1465800364	406.998
1465800522	407.634
1465800535	406.474
1465800813	407.002
1465800974	407.464
1465800984	406.578
1465801265	407.33
1465801423	408.286
1465801439	406.54
1465801714	407.512
1465801872	407.653
1465802037	406.725
1465802315	407.458
1465802473	408.312
1465802489	407.003
1465802764	407.696
1465802922	409.325
1465802938	406.98
1465803213	408.271
1465803375	408.284
1465803384	407.456
1465803662	407.684
1465803824	408.086
1465804763	407.116
1465805016	408.353
1465805174	409.499
1465805205	407.229
1465805465	407.004
1465805623	408.854
1465805654	406.432
1465805914	407.582
1465806075	408.234
1465806100	406.641
1465806363	407.204
1465806524	408.307
1465806698	406.609
1465806964	407.339
1465807125	407.834
1465807144	406.645
1465807413	407.565
1465807574	407.842
1465807596	406.987
1465807865	407.285
1465808023	407.498
1465808048	407.033
1465808314	407.493
1465808472	407.616
1465808646	407.073
1465808915	407.418
1465809073	407.945
1465809095	407.107
1465809364	407.622
1465809522	407.851
1465809547	407.201
1465809813	407.4
1465809974	408.177
1465809993	407.458
1465810265	407.86
1465810423	408.349
1465810591	407.467
1465810863	407.798
1465811024	408.1
1465811043	407.223
1465811315	407.775
1465811473	407.509
1465811492	407.408
1465811764	407.78
1465811922	407.944
1465811944	406.985
1465812213	407.676
1465812374	407.831
1465812542	407.1
1465812814	407.68
1465812972	407.687
1465812988	407.023
1465813263	407.487
1465813424	407.748
1465813443	407.1
1465813715	407.702
1465813873	407.86
1465813892	406.789
1465814164	407.539
1465814322	409.712
1465814490	407.156
1465814765	407.755
1465814923	409.56
1465814939	406.871
1465815214	407.515
1465815372	409.648
1465815391	406.501
1465815663	407.135
1465815824	407.341
1465815843	406.527
1465816115	407.001
1465816273	407.68
1465816441	406.842
1465816713	407.134
1465816874	409.61
1465816890	406.729
1465817165	407.087
1465817323	408.846
1465817339	406.936
1465817614	407.454
1465817772	408.187
1465817791	406.768
1465818063	406.934
1465818224	408.328
1465819151	373.02
1465819160	406.496
1465819413	407.094
1465819575	407.678
1465819606	406.841
1465819862	406.879
1465820024	407.877
1465820058	406.848
1465820315	407.262
1465820473	407.051
1465820501	406.698
1465820764	406.812
1465820925	406.618
1465821096	406.445
1465821364	406.761
1465821523	406.627
1465821548	406.555
1465821814	406.722
1465821975	406.447
1465821997	406.455
1465822263	406.505
1465822424	406.048
1465822446	406.43
1465822715	406.269
1465822873	405.927
1465823044	406.28
1465823312	406.445
1465823474	406.002
1465823493	405.491
1465823765	406.161
1465823923	406.13
1465823945	406.038
1465824214	406.243
1465824372	406.2
1465824397	405.859
1465824663	406.398
1465824824	406.177
1465824995	406.019
1465825264	405.307
1465825425	405.025
1465825441	405.798
1465825713	405.871
1465825874	405.346
1465825896	405.126
1465826165	405.436
1465826323	405.731
1465826345	406.261
1465826614	405.75
1465826772	405.428
1465826940	404.77
1465827215	404.361
1465827373	404.724
1465827392	404.538
1465827664	404.688
1465827822	404.103
1465827844	404.841
1465828113	405.043
1465828274	404.847
1465828293	404.553
1465828565	404.875
1465828723	404.938
1465828894	404.183
1465829163	405.41
1465829324	404.373
1465829340	404.53
1465829615	404.265
1465829773	403.653
1465829795	402.94
1465830064	403.351
1465830222	403.103
1465830244	403.074
1465830513	403.31
1465830674	402.709
1465830839	402.836
1465831114	403.09
1465831272	403.02
1465831294	400.409
1465831563	400.067
1465831724	400.018
1465831743	401.056
1465832015	400.437
1465832173	400.687
1465832195	400.942
1465832464	402.632
1465832622	400.146
1465833558	401.163
1465833814	402.727
1465833972	402.245
1465834001	402.244
1465834263	401.971
1465834425	402.276
1465834447	403.343
1465834715	403.219
1465834874	403.447
1465834899	403.05
1465835165	403
1465835323	403.3
1465835487	403.781
1465835762	404.646
1465835923	406.24
1465835936	405.835
1465836214	406.941
1465836372	406.858
1465836388	406.315
1465836663	406.277
1465836825	406.369
1465836837	406.12
1465837112	406.165
1465837274	406.4
1465837435	406.462
1465837713	406.294
1465837875	406.193
1465837887	406.119
1465838162	406.244
1465838324	406.129
1465838339	406.135
1465838615	406.234
1465838773	406.397
1465838785	406.083
1465839064	406.404
1465839222	406.361
1465839386	405.959
1465839664	406.094
1465839822	406.172
1465839832	405.97
1465840113	406.171
1465840275	406.233
1465840287	405.97
1465840562	406.009
1465840724	405.96
1465840740	405.946
1465841015	405.772
1465841173	405.99
1465841337	405.754
1465841612	405.942
1465841774	406.538
1465841786	405.971
1465842065	405.5
1465842223	405.514
1465842235	405.459
1465842514	403.858
1465842672	402.587
1465842684	403.006
1465842963	402.782
1465843124	403.115
1465843282	402.771
1465843563	402.795
1465843725	402.782
1465843734	402.789
1465844012	403.113
1465844174	403.218
1465844190	403.048
1465844465	403.955
1465844623	404.3
1465844642	403.994
1465844914	404.26
1465845072	404.264
1465845236	403.92
1465845515	404.155
1465845673	404.06
1465845688	403.892
1465845964	403.537
1465846125	404.004
1465846137	403.627
1465846413	403.842
1465846574	404.327
1465846590	403.556
1465846865	404.105
1465847023	405.154
1465847949	373.316
1465847956	405.332
1465848215	405.26
1465848373	405.801
1465848405	405.414
1465848664	405.54
1465848822	405.257
1465848854	404.799
1465849113	405.318
1465849274	405.093
1465849303	405.042
1465849565	404.616
1465849723	405.356
1465849897	408.132
1465850163	407.531
1465850324	408.157
1465850350	407.715
1465850615	408.111
1465850773	408.507
1465850795	407.849
1465851064	407.527
1465851222	407.231
1465851248	406.926
1465851513	406.941
1465851675	406.833
1465851842	406.556
1465852114	406.748
1465852272	407.195
1465852298	406.895
1465852563	407.24
1465852724	407.323
1465852743	407.194
1465853015	407.51
1465853173	405.974
1465853196	404.655
1465853464	406.596
1465853623	407.947
1465853790	406.661
1465854065	407.308
1465854223	407.013
1465854245	406.754
1465854514	406.112
1465854672	404.896
1465854695	404.849
1465854963	405.113
1465855125	405.122
1465855144	405.094
1465855412	405.346
1465855574	405.597
1465855741	404.959
1465856013	405.03
1465856174	404.61
1465856190	404.535
1465856462	404.894
1465856623	404.934
1465856642	404.776
1465856914	405.081
1465857073	405.224
1465857088	404.839
1465857363	405.03
1465857525	405.107
1465857689	405.003
1465857964	405.408
1465858122	405.069
1465858141	404.996
1465858413	404.921
1465858575	405.069
1465858594	404.77
1465858862	405.208
1465859024	405.453
1465859043	405.175
1465859315	405.421
1465859473	405.231
1465859640	405.161
1465859912	405.657
1465860073	405.743
1465860089	405.526
1465860364	405.723
1465860523	405.864
1465860541	405.58
1465860813	405.87
1465860975	406.203
1465860991	405.746
1465861262	405.842
1465861424	406.195
1465862366	405.422
1465862613	405.603
1465862774	405.736
1465862809	405.177
1465863065	405.376
1465863223	405.553
1465863255	404.957
1465863514	405.019
1465863672	405.292
1465863704	405.063
1465863963	405.314
1465864124	405.724
1465864295	405.654
1465864564	405.769
1465864722	406.135
1465864747	405.7
1465865013	405.926
1465865174	405.948
1465865196	405.826
1465865465	405.813
1465865623	406.05
1465865645	405.895
1465865914	406.349
1465866072	406.562
1465866243	405.966
1465866515	406.144
1465866673	406.403
1465866695	406.295
1465866964	406.397
1465867122	406.401
1465867144	405.64
1465867413	405.95
1465867574	405.835
1465867593	405.762
1465867865	405.795
1465868023	405.746
1465868194	406.488
1465868463	406.874
1465868624	407.245
1465868643	406.683
1465868915	406.913
1465869073	407.037
1465869095	406.694
1465869364	406.933
1465869522	407.025
1465869544	406.64
1465869813	406.988
1465869974	407.284
1465870142	406.746
1465870414	407.148
1465870572	407.331
1465870594	406.8
1465870863	406.97
1465871024	407.004
1465871040	406.594
1465871315	406.874
1465871473	407.094
1465871492	406.673
1465871764	406.968
1465871922	407.083
1465872090	406.68
1465872365	407.054
1465872523	407.22
1465872542	406.705
1465872814	406.97
1465872972	407.073
1465872991	406.787
1465873263	406.972
1465873424	407.108
1465873437	406.59
1465873712	406.999
1465873873	407.1
1465874038	406.731
1465874313	406.894
1465874474	407.231
1465874487	406.847
1465874762	407.038
1465874923	407.322
1465874939	406.715
1465875214	407.146
1465875372	407.12
1465875391	406.831
1465875663	407.103
1465875825	407.446
1465876748	373.033
1465876767	406.611
1465877014	406.921
1465877175	407.151
1465877210	406.553
1465877463	406.827
1465877624	407.029
1465877656	406.617
1465877915	406.875
1465878073	407.118
1465878108	406.675
1465878364	406.991
1465878522	407.145
1465878699	406.59
1465878965	406.662
1465879123	407.029
1465879151	406.594
1465879414	406.822
1465879572	407.031
1465879597	406.644
1465879863	406.759
1465880024	407.06
1465880049	406.602
1465880315	407.069
1465880473	407.245
1465880647	406.834
1465880913	407.299
1465881074	407.651
1465881099	407.101
1465881365	407.505
1465881523	407.869
1465881551	407.685
1465881814	408.068
1465881972	408.614
1465881997	408.714
1465882263	409.605
1465882424	408.972
1465882598	407.503
1465882864	407.552
1465883022	407.747
1465883047	407.243
1465883313	407.482
1465883474	407.902
1465883499	407.465
1465883765	407.686
1465883923	407.614
1465883945	407.148
1465884214	407.524
1465884372	407.403
1465884543	406.702
1465884815	406.971
1465884973	407.232
1465884998	406.641
1465885264	407.074
1465885422	406.911
1465885447	406.702
1465885713	406.716
1465885874	406.568
1465885899	405.864
1465886165	406.312
1465886323	406.69
1465886497	406.06
1465886763	406.392
1465886924	406.515
1465886943	406.006
1465887215	406.29
1465887373	406.53
1465887395	406.129
1465887664	406.427
1465887822	406.508
1465887847	406.249
1465888113	406.336
1465888274	406.522
1465888445	406.269
1465888714	406.358
1465888872	406.61
1465888894	406.248
1465889163	406.423
1465889324	406.791
1465889346	406.367
1465889615	406.741
1465889773	406.876
1465889792	406.432
1465890064	406.696
1465890222	406.983
1465891171	406.611
1465891414	406.884
1465891573	407.089
1465891614	406.544
1465891863	406.708
1465892025	406.869
1465892066	406.62
1465892313	406.814
1465892474	406.95
1465892512	406.586
1465892765	406.805
1465892923	406.995
1465893103	406.529
1465893362	406.703
1465893524	406.806
1465893552	406.474
1465893815	406.482
1465893973	406.817
1465894004	406.529
1465894264	406.668
1465894425	406.756
1465894450	406.408
1465894713	406.723
1465894874	406.816
1465895051	406.412
1465895313	406.672
1465895475	406.9
1465895503	406.442
1465895763	406.662
1465895924	406.741
1465895952	406.37
1465896215	406.526
1465896373	406.609
1465896401	406.199
1465896664	406.529
1465896822	406.768
1465896999	406.356
1465897265	406.617
1465897423	406.903
1465897451	406.588
1465897714	406.744
1465897872	406.942
1465897900	406.363
1465898163	406.655
1465898324	406.783
1465898349	406.381
1465898615	406.601
1465898773	406.848
1465898950	406.425
1465899213	406.796
1465899374	406.999
1465899402	406.465
1465899665	406.83
1465899823	407.031
1465899851	406.58
1465900114	406.819
1465900272	406.878
1465900300	406.411
1465900563	406.688
1465900724	406.868
1465900898	406.663
1465901164	406.537
1465901322	406.472
1465901350	405.859
1465901613	406.178
1465901774	406.308
1465901799	405.989
1465902065	406.199
1465902223	406.67
1465902251	406.106
1465902514	406.469
1465902672	406.596
1465902849	406.182
1465903115	406.366
1465903273	406.784
1465903298	405.992
1465903564	406.395
1465903722	406.515
1465903744	406.087
1465904013	406.64
1465904174	406.755
1465904199	406.259
1465904465	406.334
1465904623	406.646
1465905550	373.02
1465905569	405.834
1465905815	406.132
1465905973	406.26
1465906011	405.945
1465906264	406.065
1465906422	406.067
1465906460	405.807
1465906713	405.85
1465906875	405.977
1465906909	405.732
1465907166	405.834
1465907324	406.019
1465907501	405.948
1465907763	406.031
1465907924	406.15
1465907953	405.951
1465908212	405.956
1465908374	406.152
1465908402	405.845
1465908664	406.044
1465908823	406.132
1465908851	406.074
1465909113	406.153
1465909275	406.081
1465909446	405.755
1465909714	406.128
1465909872	406.191
1465909901	405.97
1465910163	406.188
1465910325	406.253
1465910350	406.014
1465910612	406.166
1465910774	406.179
1465910799	406.084
1465911065	406.205
1465911223	406.202
1465911397	406.112
1465911662	406.251
1465911824	406.233
1465911852	406.2
1465912114	406.332
1465912273	406.402
1465912298	406.3
1465912563	406.202
1465912725	406.218
1465912750	406.105
1465913013	406.089
1465913174	406.288
1465913345	405.896
1465913613	406.125
1465913775	406.119
1465913794	406.012
1465914062	406.076
1465914224	405.968
1465914249	405.84
1465914515	405.805
1465914673	405.947
1465914698	405.854
1465914964	405.96
1465915122	405.861
1465915296	405.721
1465915564	405.838
1465915723	405.823
1465915745	405.798
1465916013	405.828
1465916175	406.216
1465916194	405.813
1465916463	405.75
1465916624	406.41
1465916646	405.7
1465916915	405.774
1465917073	405.989
1465917244	405.617
1465917512	405.596
1465918123	405.888
1465918148	405.559
1465918414	405.514
1465918575	405.649
1465918597	405.458
1465918863	405.566
1465919024	405.68
1465919960	405.661
1465920213	405.587
1465920374	405.429
1465920403	405.488
1465920665	405.641
1465920823	405.615
1465920852	405.633
1465921114	405.649
1465921272	405.547
1465921298	405.594
1465921563	405.722
1465921892	405.578
1465922164	405.58
1465922322	405.368
1465922347	405.442
1465922613	405.55
1465922774	405.186
1465922793	405.237
1465923062	405.209
1465923223	405.104
1465923242	405.095
1465923514	405.111
1465923672	405.266
1465923843	405.119
1465924115	405.111
1465924273	405.147
1465924289	404.944
1465924564	405.049
1465924722	404.895
1465924744	404.902
1465925013	404.958
1465925175	404.952
1465925193	404.7
1465925462	404.866
1465925624	405.028
1465925794	404.55
1465926063	404.733
1465926224	404.742
1465926243	404.594
1465926512	404.674
1465926673	404.368
1465926689	404.307
1465926964	404.416
1465927122	404.265
1465927141	404.32
1465927413	404.166
1465927575	404.218
1465927739	404.088
1465928014	403.941
1465928172	403.592
1465928191	403.639
1465928463	403.758
1465928625	403.449
1465928640	403.438
1465928912	403.259
1465929074	403.386
1465929093	402.954
1465929364	403.369
1465929523	403.217
1465929687	403.057
1465929962	403.055
1465930123	403.442
1465930139	403.171
1465930414	403.235
1465930572	403.338
1465930588	403.288
1465930863	402.994
1465931025	403.065
1465931040	402.806
1465931312	403.19
1465931474	402.891
1465931638	403.098
1465931913	403.191
1465932075	402.938
1465932090	403.091
1465932362	402.777
1465932524	402.719
1465932539	402.639
1465932814	402.672
1465932973	402.845
1465932988	402.903
1465933264	403.089
1465933425	402.972
1465934348	373.066
1465934354	402.598
1465934614	402.709
1465934772	402.816
1465934800	402.517
1465935063	402.348
1465935224	402.477
1465935249	402.647
1465935515	402.472
1465935673	402.471
1465935698	402.476
1465935964	403.226
1465936122	402.452
1465936287	402.376
1465936565	402.379
1465936723	402.309
1465936742	402.57
1465937014	403.017
1465937172	403.104
1465937191	402.857
1465937463	402.943
1465937624	402.621
1465937640	402.298
1465937912	402.707
1465938073	402.972
1465938238	402.703
1465938513	402.775
1465938674	402.734
1465938690	402.625
1465938965	402.74
1465939123	402.988
1465939136	402.858
1465939414	402.772
1465939572	402.541
1465939591	403.063
1465939863	402.784
1465940024	403.246
1465940189	402.629
1465940464	403.184
1465940622	402.934
1465940638	403.246
1465940913	403.19
1465941074	402.849
1465941090	402.838
1465941362	402.795
1465941523	403.425
1465941536	403.055
1465941814	402.994
1465941972	402.763
1465942137	402.543
1465942415	403.086
1465942573	403.069
1465942586	403.281
1465942864	403.32
1465943022	403.28
1465943035	403.107
1465943313	403.363
1465943474	403.489
1465943487	403.535
1465943762	403.643
1465943923	403.323
1465944088	403.381
1465944363	403.221
1465944524	403.515
1465944537	403.607
1465944812	403.482
1465944973	403.051
1465944986	403.188
1465945264	403.235
1465945422	403.433
1465945438	403.296
1465945713	403.444
1465945875	403.231
1465946036	403.466
1465946314	403.876
1465946472	403.95
1465946488	403.321
1465946763	403.628
1465946924	403.783
1465946937	403.454
1465947212	403.103
1465947373	403.673
1465947389	403.32
1465947664	403.426
1465947822	403.609
1465948755	403.231
1465949015	403.246
1465949173	403.208
1465949201	403.061
1465949464	402.906
1465949625	402.983
1465949647	402.868
1465949913	403.382
1465950074	403.455
1465950096	403.019
1465950365	402.945
1465950523	403.206
1465950684	403.15
1465950963	403.322
1465951124	403.266
1465951136	402.975
1465951415	402.636
1465951573	403.381
1465951586	403.163
1465951864	403.301
1465952022	403.228
1465952038	402.894
1465952313	403.205
1465952474	403.081
1465952635	402.926
1465952914	403.027
1465953072	403.101
1465953084	402.951
1465953363	403.093
1465953524	403.211
1465953533	402.896
1465953815	403.166
1465953973	403.342
1465953986	403.062
1465954264	403.281
1465954422	403.374
1465954583	403.21
1465954865	403.446
1465955023	403.624
1465955036	403.111
1465955314	403.488
1465955472	403.641
1465955485	403.143
1465955763	403.358
1465955924	403.643
1465955937	403.207
1465956215	403.581
1465956373	404.108
1465956534	403.23
1465956813	403.813
1465956974	403.747
1465956983	403.386
1465957265	403.555
1465957423	404.248
1465957433	403.396
1465957714	403.536
1465957872	404.087
1465957882	403.469
1465958163	404.15
1465958324	404.141
1465958482	403.074
1465958764	403.694
1465958922	404.411
1465958935	403.566
1465959213	403.547
1465959374	404.198
1465959384	403.365
1465959662	403.447
1465959823	403.363
1465959833	402.8
1465960114	403.168
1465960272	404.134
1465960430	402.962
1465960715	403.192
1465960873	403.682
1465960883	402.739
1465961164	403.011
1465961322	403.073
1465961332	402.664
1465961613	403.338
1465961774	403.669
1465961784	403.112
1465962062	402.703
1465962223	403.226
1465963150	373.142
1465963159	403.383
1465963415	403.383
1465963574	403.477
1465963599	402.963
1465963865	403.034
1465964023	403.349
1465964045	403.064
1465964314	402.961
1465964475	403.549
1465964497	402.834
1465964763	403.593
1465964924	403.895
1465965088	403.106
1465965363	403.069
1465965525	403.355
1465965541	402.997
1465965812	403.709
1465965974	403.612
1465965993	403.207
1465966265	403.326
1465966423	403.54
1465966439	403.1
1465966714	403.801
1465966872	403.854
1465967039	403.959
1465967315	404.142
1465967473	404.241
1465967488	403.883
1465967764	404.536
1465967922	404.866
1465967941	404.287
1465968213	404.672
1465968374	404.947
1465968390	404.844
1465968665	404.771
1465968823	405.093
1465968987	404.989
1465969262	404.97
1465969424	405.695
1465969436	405.144
1465969715	405.343
1465969873	405.386
1465969889	404.901
1465970164	405.383
1465970322	405.674
1465970338	405.138
1465970613	405.156
1465970774	405.981
1465970935	405.376
1465971214	405.712
1465971372	406.141
1465971387	405.097
1465971663	405.76
1465971824	405.982
1465971837	405.276
1465972115	405.546
1465972273	405.812
1465972286	405.576
1465972564	405.495
1465972722	405.837
1465972886	405.486
1465973165	405.866
1465973323	406.166
1465973335	405.588
1465973614	405.942
1465973772	406.085
1465973788	405.798
1465974063	405.979
1465974224	406.251
1465974237	405.676
1465974515	405.871
1465974673	406.286
1465974837	405.722
1465975113	406.239
1465975274	406.385
1465975290	405.771
1465975565	405.951
1465975723	406.322
1465975739	405.829
1465976014	406.191
1465976172	406.252
1465976185	405.988
1465976463	406.087
1465976624	406.613
1465977560	405.944
1465977813	406.27
1465977974	406.416
1465978003	405.918
1465978265	406.232
1465978423	406.583
1465978449	405.944
1465978714	406.272
1465978873	406.927
1465978901	406.055
1465979163	406.042
1465979325	406.53
1465979489	405.834
1465979764	406.035
1465979922	406.438
1465979945	406.055
1465980213	406.188
1465980375	406.441
1465980390	405.852
1465980662	406.106
1465980824	406.413
1465980843	405.876
1465981115	406.211
1465981273	406.523
1465981434	406.099
1465981712	406.332
1465981873	406.619
1465981889	406.056
1465982164	406.469
1465982323	406.939
1465982335	406.234
1465982613	406.452
1465982772	406.842
1465982791	406.379
1465983062	406.535
1465983224	406.819
1465983388	406.335
1465983663	406.715
1465983825	406.818
1465983837	406.162
1465984112	406.639
1465984274	406.906
1465984289	406.303
1465984565	406.621
1465984723	406.815
1465984735	406.307
1465985014	406.684
1465985172	406.949
1465985336	406.304
1465985614	406.883
1465985773	407.126
1465985788	406.355
1465986063	406.847
1465986222	406.79
1465986237	406.334
1465986512	406.755
1465986674	406.863
1465986690	406.322
1465986965	406.569
1465987123	406.984
1465987287	406.427
1465987562	406.745
1465987724	407.235
1465987739	406.531
1465988015	406.921
1465988173	407.192
1465988188	406.451
1465988464	407.038
1465988622	407.274
1465988638	406.648
1465988913	406.723
1465989074	407.164
1465989235	406.704
1465989513	407.048
1465989672	407.298
1465989684	406.786
1465989962	406.971
1465990124	407.295
1465990136	406.815
1465990415	406.962
1465990573	407.293
1465990585	406.768
1465990864	406.931
1465991022	407.218
1465991948	373.098
1465991955	406.639
1465992214	406.944
1465992372	406.935
1465992401	406.78
1465992663	406.957
1465992824	406.82
1465992850	406.567
1465993115	406.645
1465993273	406.606
1465993299	406.526
1465993564	406.562
1465993722	406.452
1465993887	406.361
1465994162	406.725
1465994323	406.455
1465994336	406.27
1465994614	406.233
1465994772	405.9
1465994791	406.086
1465995063	405.994
1465995224	406.166
1465995240	406.059
1465995512	405.895
1465995673	406.01
1465995835	405.59
1465996113	405.975
1465996274	405.555
1465996287	405.213
1465996562	405.716
1465996723	405.239
1465996736	405.26
1465997014	405.756
1465997172	405.44
1465997191	405.119
1465997463	405.279
1465997625	405.219
1465997786	404.383
1465998064	404.451
1465998222	405.321
1465998238	405.249
1465998513	404.829
1465998674	405.193
1465998687	404.444
1465998962	405.377
1465999123	404.596
1465999139	404.775
1465999414	404.545
1465999573	404.087
1465999734	405.102
1466000012	405.552
1466000173	405.478
1466000186	405.015
1466000464	405.038
1466000622	405.545
1466000635	404.855
1466000913	404.904
1466001075	405.183
1466001084	405.25
1466001362	405.512
1466001524	405.775
1466001685	405.061
1466001963	405.88
1466002124	405.675
1466002134	405.508
1466002412	405.468
1466002573	405.163
1466002583	405.01
1466002864	405.449
1466003023	405.536
1466003035	405.378
1466003313	405.331
1466003472	405.663
1466003633	405.256
1466003914	404.678
1466004072	404.994
1466004085	405.275
1466004363	404.784
1466004525	405.323
1466004534	405.01
1466004812	405.174
1466004974	405.112
1466004983	404.605
1466005265	405.23
1466005423	404.999
